100
25 53 3 
1 68 31 
35 64 66 
1 75 2 
23 86 51 
22 56 75 
79 99 5 
27 75 26 
82 57 72 
24 18 25 
42 89 32 
68 97 59 
93 36 82 
73 37 47 
92 41 1 
95 26 90 
61 16 87 
58 98 64 
89 71 89 
94 78 23 
80 98 34 
13 8 86 
66 21 10 
67 79 49 
52 20 31 
4 38 16 
41 65 50 
23 99 81 
97 0 59 
50 3 48 
99 47 82 
80 40 81 
40 74 16 
75 27 50 
99 85 19 
23 84 86 
73 88 16 
32 66 41 
23 28 61 
8 44 95 
85 89 27 
95 36 27 
15 39 96 
10 29 69 
10 41 87 
10 42 8 
67 33 64 
71 86 57 
92 63 17 
78 62 14 
5 32 56 
48 3 11 
62 55 14 
60 12 3 
25 97 57 
8 20 22 
12 15 45 
90 74 43 
39 76 76 
60 5 41 
42 58 20 
90 0 53 
4 2 67 
46 11 52 
97 46 32 
41 88 20 
33 1 73 
69 39 67 
14 40 86 
3 27 98 
5 87 13 
64 66 85 
96 78 76 
64 66 87 
33 39 69 
75 58 17 
83 73 2 
50 22 24 
87 68 88 
67 20 36 
33 44 16 
45 22 100 
92 20 18 
88 10 4 
48 45 70 
80 31 64 
92 58 0 
20 24 55 
73 88 24 
86 43 86 
11 85 97 
23 59 81 
96 4 37 
51 28 73 
27 27 22 
90 10 1 
99 25 0 
69 15 87 
7 11 17 
58 96 86 